0
1000438217
1001032633
1001032834
1001389422
1001400647
1001401126
1001593242
1001667608
1001667647
1001668446
1001671213
1001673430
1001673522
1003143150
1003756352
1003853930
1007853357
1017231150
1017260456
1018448277
10275544
1027946373
1027947311
1027948618
1027950228
1027956341
1027956781
1027959334
1027965245
1027999478
1028004441
1028009884
1028010602
1028014661
1028024442
1036686086
1037573859
1037671779
1038798666
1038802989
1038803717
1038806156
1038811001
1038815273
1038815277
1040351863
1040352093
1040352386
1040353140
1040353165
1040353939
1040354330
1040354603
1040355181
1040358454
1040361340
1040363632
1040364701
1040365117
1040365874
1040366326
1040366428
1040369324
1040369733
1040370053
1040370353
1040371219
1040372789
1040373101
1040373127
1040374861
1040375017
1040375031
1040375234
1040375710
1040376851
1040378244
1040378628
1040378929
1040378974
1040379118
1040379689
1040380043
1040382085
1040382522
1073978319
1074007092
1077432997
1077440918
1077459275
10940356
1128397309
11798188
11804635
11807117
11808238
11810811
11937166
12345678
1238938020
18461991
21697399
22144267
22731855
23182741
25025100
26263416
26328965
26331249
29740850
30657273
31445623
32107335
32144209
32287553
32290307
32294724
32801099
32852959
33272957
34976950
35871798
38463675
39273861
39299652
39316282
39317954
39408083
39409027
39409914
39419250
39423830
39425357
39426817
39427384
39427628
39429450
40985572
43140053
43140526
43140963
43141067
43141244
43141896
43142342
43142808
43143025
43143319
43144065
43145431
43146247
43147732
43148186
43414737
43757087
43924616
45529531
4808313
50934559
50975680
66870688
67039597
70555733
70557902
71240572
71241176
71242407
71250103
71250641
71250959
71252120
71252661
71252838
71252860
71253027
71253373
71254465
71254734
71254735
71255124
71255324
71255448
71257412
71257924
71258197
71258461
71278837
71933053
71936117
71940986
71942191
71942673
71947096
71947858
71948054
71983799
71985750
71987721
73133514
7494222
82383828
8321504
8328415
8413893
8414514
8437788
8439996
878787878
98617682
98618358
98648954
9999999
